           x                  u
    0.0000000000E+00    0.2000000000E+02
    0.9990009990E-03    0.2007098462E+02
    0.1998001998E-02    0.2014186971E+02
    0.2997002997E-02    0.2021265555E+02
    0.3996003996E-02    0.2028334241E+02
    0.4995004995E-02    0.2035393057E+02
    0.5994005994E-02    0.2042442029E+02
    0.6993006993E-02    0.2049481185E+02
    0.7992007992E-02    0.2056510552E+02
    0.8991008991E-02    0.2063530158E+02
    0.9990009990E-02    0.2070540030E+02
    0.1098901099E-01    0.2077540195E+02
    0.1198801199E-01    0.2084530680E+02
    0.1298701299E-01    0.2091511513E+02
    0.1398601399E-01    0.2098482721E+02
    0.1498501499E-01    0.2105444330E+02
    0.1598401598E-01    0.2112396369E+02
    0.1698301698E-01    0.2119338864E+02
    0.1798201798E-01    0.2126271843E+02
    0.1898101898E-01    0.2133195333E+02
    0.1998001998E-01    0.2140109360E+02
    0.2097902098E-01    0.2147013952E+02
    0.2197802198E-01    0.2153909137E+02
    0.2297702298E-01    0.2160794940E+02
    0.2397602398E-01    0.2167671390E+02
    0.2497502498E-01    0.2174538513E+02
    0.2597402597E-01    0.2181396336E+02
    0.2697302697E-01    0.2188244887E+02
    0.2797202797E-01    0.2195084191E+02
    0.2897102897E-01    0.2201914277E+02
    0.2997002997E-01    0.2208735172E+02
    0.3096903097E-01    0.2215546901E+02
    0.3196803197E-01    0.2222349493E+02
    0.3296703297E-01    0.2229142973E+02
    0.3396603397E-01    0.2235927370E+02
    0.3496503497E-01    0.2242702709E+02
    0.3596403596E-01    0.2249469018E+02
    0.3696303696E-01    0.2256226323E+02
    0.3796203796E-01    0.2262974651E+02
    0.3896103896E-01    0.2269714030E+02
    0.3996003996E-01    0.2276444485E+02
    0.4095904096E-01    0.2283166043E+02
    0.4195804196E-01    0.2289878732E+02
    0.4295704296E-01    0.2296582578E+02
    0.4395604396E-01    0.2303277607E+02
    0.4495504496E-01    0.2309963847E+02
    0.4595404595E-01    0.2316641323E+02
    0.4695304695E-01    0.2323310063E+02
    0.4795204795E-01    0.2329970093E+02
    0.4895104895E-01    0.2336621439E+02
    0.4995004995E-01    0.2343264128E+02
    0.5094905095E-01    0.2349898187E+02
    0.5194805195E-01    0.2356523642E+02
    0.5294705295E-01    0.2363140520E+02
    0.5394605395E-01    0.2369748846E+02
    0.5494505495E-01    0.2376348648E+02
    0.5594405594E-01    0.2382939951E+02
    0.5694305694E-01    0.2389522783E+02
    0.5794205794E-01    0.2396097169E+02
    0.5894105894E-01    0.2402663135E+02
    0.5994005994E-01    0.2409220709E+02
    0.6093906094E-01    0.2415769915E+02
    0.6193806194E-01    0.2422310781E+02
    0.6293706294E-01    0.2428843333E+02
    0.6393606394E-01    0.2435367596E+02
    0.6493506494E-01    0.2441883597E+02
    0.6593406593E-01    0.2448391361E+02
    0.6693306693E-01    0.2454890916E+02
    0.6793206793E-01    0.2461382287E+02
    0.6893106893E-01    0.2467865500E+02
    0.6993006993E-01    0.2474340580E+02
    0.7092907093E-01    0.2480807555E+02
    0.7192807193E-01    0.2487266449E+02
    0.7292707293E-01    0.2493717289E+02
    0.7392607393E-01    0.2500160100E+02
    0.7492507493E-01    0.2506594909E+02
    0.7592407592E-01    0.2513021741E+02
    0.7692307692E-01    0.2519440622E+02
    0.7792207792E-01    0.2525851577E+02
    0.7892107892E-01    0.2532254633E+02
    0.7992007992E-01    0.2538649814E+02
    0.8091908092E-01    0.2545037147E+02
    0.8191808192E-01    0.2551416657E+02
    0.8291708292E-01    0.2557788370E+02
    0.8391608392E-01    0.2564152310E+02
    0.8491508492E-01    0.2570508505E+02
    0.8591408591E-01    0.2576856978E+02
    0.8691308691E-01    0.2583197756E+02
    0.8791208791E-01    0.2589530863E+02
    0.8891108891E-01    0.2595856326E+02
    0.8991008991E-01    0.2602174169E+02
    0.9090909091E-01    0.2608484418E+02
    0.9190809191E-01    0.2614787098E+02
    0.9290709291E-01    0.2621082234E+02
    0.9390609391E-01    0.2627369851E+02
    0.9490509491E-01    0.2633649974E+02
    0.9590409590E-01    0.2639922629E+02
    0.9690309690E-01    0.2646187840E+02
    0.9790209790E-01    0.2652445633E+02
    0.9890109890E-01    0.2658696032E+02
    0.9990009990E-01    0.2664939062E+02
    0.1008991009E+00    0.2671174748E+02
    0.1018981019E+00    0.2677403116E+02
    0.1028971029E+00    0.2683624189E+02
    0.1038961039E+00    0.2689837992E+02
    0.1048951049E+00    0.2696044551E+02
    0.1058941059E+00    0.2702243890E+02
    0.1068931069E+00    0.2708436033E+02
    0.1078921079E+00    0.2714621005E+02
    0.1088911089E+00    0.2720798831E+02
    0.1098901099E+00    0.2726969535E+02
    0.1108891109E+00    0.2733133142E+02
    0.1118881119E+00    0.2739289676E+02
    0.1128871129E+00    0.2745439161E+02
    0.1138861139E+00    0.2751581621E+02
    0.1148851149E+00    0.2757717082E+02
    0.1158841159E+00    0.2763845567E+02
    0.1168831169E+00    0.2769967100E+02
    0.1178821179E+00    0.2776081706E+02
    0.1188811189E+00    0.2782189409E+02
    0.1198801199E+00    0.2788290232E+02
    0.1208791209E+00    0.2794384200E+02
    0.1218781219E+00    0.2800471336E+02
    0.1228771229E+00    0.2806551666E+02
    0.1238761239E+00    0.2812625211E+02
    0.1248751249E+00    0.2818691997E+02
    0.1258741259E+00    0.2824752048E+02
    0.1268731269E+00    0.2830805385E+02
    0.1278721279E+00    0.2836852035E+02
    0.1288711289E+00    0.2842892019E+02
    0.1298701299E+00    0.2848925363E+02
    0.1308691309E+00    0.2854952088E+02
    0.1318681319E+00    0.2860972220E+02
    0.1328671329E+00    0.2866985780E+02
    0.1338661339E+00    0.2872992793E+02
    0.1348651349E+00    0.2878993282E+02
    0.1358641359E+00    0.2884987270E+02
    0.1368631369E+00    0.2890974781E+02
    0.1378621379E+00    0.2896955837E+02
    0.1388611389E+00    0.2902930463E+02
    0.1398601399E+00    0.2908898680E+02
    0.1408591409E+00    0.2914860511E+02
    0.1418581419E+00    0.2920815981E+02
    0.1428571429E+00    0.2926765112E+02
    0.1438561439E+00    0.2932707926E+02
    0.1448551449E+00    0.2938644447E+02
    0.1458541459E+00    0.2944574698E+02
    0.1468531469E+00    0.2950498700E+02
    0.1478521479E+00    0.2956416477E+02
    0.1488511489E+00    0.2962328051E+02
    0.1498501499E+00    0.2968233446E+02
    0.1508491508E+00    0.2974132682E+02
    0.1518481518E+00    0.2980025784E+02
    0.1528471528E+00    0.2985912773E+02
    0.1538461538E+00    0.2991793671E+02
    0.1548451548E+00    0.2997668502E+02
    0.1558441558E+00    0.3003537286E+02
    0.1568431568E+00    0.3009400047E+02
    0.1578421578E+00    0.3015256806E+02
    0.1588411588E+00    0.3021107586E+02
    0.1598401598E+00    0.3026952408E+02
    0.1608391608E+00    0.3032791295E+02
    0.1618381618E+00    0.3038624268E+02
    0.1628371628E+00    0.3044451349E+02
    0.1638361638E+00    0.3050272561E+02
    0.1648351648E+00    0.3056087924E+02
    0.1658341658E+00    0.3061897460E+02
    0.1668331668E+00    0.3067701191E+02
    0.1678321678E+00    0.3073499139E+02
    0.1688311688E+00    0.3079291325E+02
    0.1698301698E+00    0.3085077770E+02
    0.1708291708E+00    0.3090858496E+02
    0.1718281718E+00    0.3096633524E+02
    0.1728271728E+00    0.3102402875E+02
    0.1738261738E+00    0.3108166571E+02
    0.1748251748E+00    0.3113924633E+02
    0.1758241758E+00    0.3119677081E+02
    0.1768231768E+00    0.3125423938E+02
    0.1778221778E+00    0.3131165222E+02
    0.1788211788E+00    0.3136900957E+02
    0.1798201798E+00    0.3142631161E+02
    0.1808191808E+00    0.3148355857E+02
    0.1818181818E+00    0.3154075065E+02
    0.1828171828E+00    0.3159788805E+02
    0.1838161838E+00    0.3165497098E+02
    0.1848151848E+00    0.3171199965E+02
    0.1858141858E+00    0.3176897426E+02
    0.1868131868E+00    0.3182589501E+02
    0.1878121878E+00    0.3188276210E+02
    0.1888111888E+00    0.3193957575E+02
    0.1898101898E+00    0.3199633615E+02
    0.1908091908E+00    0.3205304350E+02
    0.1918081918E+00    0.3210969800E+02
    0.1928071928E+00    0.3216629985E+02
    0.1938061938E+00    0.3222284926E+02
    0.1948051948E+00    0.3227934641E+02
    0.1958041958E+00    0.3233579152E+02
    0.1968031968E+00    0.3239218477E+02
    0.1978021978E+00    0.3244852636E+02
    0.1988011988E+00    0.3250481649E+02
    0.1998001998E+00    0.3256105535E+02
    0.2007992008E+00    0.3261724314E+02
    0.2017982018E+00    0.3267338005E+02
    0.2027972028E+00    0.3272946628E+02
    0.2037962038E+00    0.3278550202E+02
    0.2047952048E+00    0.3284148745E+02
    0.2057942058E+00    0.3289742277E+02
    0.2067932068E+00    0.3295330817E+02
    0.2077922078E+00    0.3300914385E+02
    0.2087912088E+00    0.3306492998E+02
    0.2097902098E+00    0.3312066676E+02
    0.2107892108E+00    0.3317635438E+02
    0.2117882118E+00    0.3323199301E+02
    0.2127872128E+00    0.3328758286E+02
    0.2137862138E+00    0.3334312410E+02
    0.2147852148E+00    0.3339861692E+02
    0.2157842158E+00    0.3345406150E+02
    0.2167832168E+00    0.3350945803E+02
    0.2177822178E+00    0.3356480669E+02
    0.2187812188E+00    0.3362010765E+02
    0.2197802198E+00    0.3367536111E+02
    0.2207792208E+00    0.3373056725E+02
    0.2217782218E+00    0.3378572623E+02
    0.2227772228E+00    0.3384083825E+02
    0.2237762238E+00    0.3389590347E+02
    0.2247752248E+00    0.3395092208E+02
    0.2257742258E+00    0.3400589426E+02
    0.2267732268E+00    0.3406082017E+02
    0.2277722278E+00    0.3411570000E+02
    0.2287712288E+00    0.3417053392E+02
    0.2297702298E+00    0.3422532211E+02
    0.2307692308E+00    0.3428006473E+02
    0.2317682318E+00    0.3433476195E+02
    0.2327672328E+00    0.3438941396E+02
    0.2337662338E+00    0.3444402092E+02
    0.2347652348E+00    0.3449858300E+02
    0.2357642358E+00    0.3455310038E+02
    0.2367632368E+00    0.3460757321E+02
    0.2377622378E+00    0.3466200166E+02
    0.2387612388E+00    0.3471638591E+02
    0.2397602398E+00    0.3477072612E+02
    0.2407592408E+00    0.3482502246E+02
    0.2417582418E+00    0.3487927508E+02
    0.2427572428E+00    0.3493348416E+02
    0.2437562438E+00    0.3498764986E+02
    0.2447552448E+00    0.3504177233E+02
    0.2457542458E+00    0.3509585174E+02
    0.2467532468E+00    0.3514988826E+02
    0.2477522478E+00    0.3520388203E+02
    0.2487512488E+00    0.3525783323E+02
    0.2497502498E+00    0.3531174200E+02
    0.2507492507E+00    0.3536560851E+02
    0.2517482517E+00    0.3541943291E+02
    0.2527472527E+00    0.3547321535E+02
    0.2537462537E+00    0.3552695601E+02
    0.2547452547E+00    0.3558065501E+02
    0.2557442557E+00    0.3563431253E+02
    0.2567432567E+00    0.3568792871E+02
    0.2577422577E+00    0.3574150371E+02
    0.2587412587E+00    0.3579503767E+02
    0.2597402597E+00    0.3584853075E+02
    0.2607392607E+00    0.3590198310E+02
    0.2617382617E+00    0.3595539485E+02
    0.2627372627E+00    0.3600876617E+02
    0.2637362637E+00    0.3606209720E+02
    0.2647352647E+00    0.3611538808E+02
    0.2657342657E+00    0.3616863896E+02
    0.2667332667E+00    0.3622184999E+02
    0.2677322677E+00    0.3627502130E+02
    0.2687312687E+00    0.3632815304E+02
    0.2697302697E+00    0.3638124535E+02
    0.2707292707E+00    0.3643429837E+02
    0.2717282717E+00    0.3648731225E+02
    0.2727272727E+00    0.3654028711E+02
    0.2737262737E+00    0.3659322311E+02
    0.2747252747E+00    0.3664612038E+02
    0.2757242757E+00    0.3669897904E+02
    0.2767232767E+00    0.3675179925E+02
    0.2777222777E+00    0.3680458113E+02
    0.2787212787E+00    0.3685732482E+02
    0.2797202797E+00    0.3691003045E+02
    0.2807192807E+00    0.3696269815E+02
    0.2817182817E+00    0.3701532806E+02
    0.2827172827E+00    0.3706792030E+02
    0.2837162837E+00    0.3712047501E+02
    0.2847152847E+00    0.3717299232E+02
    0.2857142857E+00    0.3722547234E+02
    0.2867132867E+00    0.3727791521E+02
    0.2877122877E+00    0.3733032106E+02
    0.2887112887E+00    0.3738269000E+02
    0.2897102897E+00    0.3743502217E+02
    0.2907092907E+00    0.3748731769E+02
    0.2917082917E+00    0.3753957667E+02
    0.2927072927E+00    0.3759179925E+02
    0.2937062937E+00    0.3764398554E+02
    0.2947052947E+00    0.3769613566E+02
    0.2957042957E+00    0.3774824972E+02
    0.2967032967E+00    0.3780032786E+02
    0.2977022977E+00    0.3785237018E+02
    0.2987012987E+00    0.3790437681E+02
    0.2997002997E+00    0.3795634784E+02
    0.3006993007E+00    0.3800828341E+02
    0.3016983017E+00    0.3806018363E+02
    0.3026973027E+00    0.3811204859E+02
    0.3036963037E+00    0.3816387843E+02
    0.3046953047E+00    0.3821567324E+02
    0.3056943057E+00    0.3826743314E+02
    0.3066933067E+00    0.3831915824E+02
    0.3076923077E+00    0.3837084864E+02
    0.3086913087E+00    0.3842250445E+02
    0.3096903097E+00    0.3847412577E+02
    0.3106893107E+00    0.3852571272E+02
    0.3116883117E+00    0.3857726539E+02
    0.3126873127E+00    0.3862878389E+02
    0.3136863137E+00    0.3868026832E+02
    0.3146853147E+00    0.3873171877E+02
    0.3156843157E+00    0.3878313536E+02
    0.3166833167E+00    0.3883451818E+02
    0.3176823177E+00    0.3888586733E+02
    0.3186813187E+00    0.3893718290E+02
    0.3196803197E+00    0.3898846499E+02
    0.3206793207E+00    0.3903971370E+02
    0.3216783217E+00    0.3909092912E+02
    0.3226773227E+00    0.3914211135E+02
    0.3236763237E+00    0.3919326047E+02
    0.3246753247E+00    0.3924437658E+02
    0.3256743257E+00    0.3929545976E+02
    0.3266733267E+00    0.3934651011E+02
    0.3276723277E+00    0.3939752772E+02
    0.3286713287E+00    0.3944851267E+02
    0.3296703297E+00    0.3949946505E+02
    0.3306693307E+00    0.3955038495E+02
    0.3316683317E+00    0.3960127244E+02
    0.3326673327E+00    0.3965212762E+02
    0.3336663337E+00    0.3970295056E+02
    0.3346653347E+00    0.3975374135E+02
    0.3356643357E+00    0.3980450006E+02
    0.3366633367E+00    0.3985522678E+02
    0.3376623377E+00    0.3990592158E+02
    0.3386613387E+00    0.3995658455E+02
    0.3396603397E+00    0.4000721575E+02
    0.3406593407E+00    0.4005781527E+02
    0.3416583417E+00    0.4010838318E+02
    0.3426573427E+00    0.4015891954E+02
    0.3436563437E+00    0.4020942444E+02
    0.3446553447E+00    0.4025989794E+02
    0.3456543457E+00    0.4031034012E+02
    0.3466533467E+00    0.4036075104E+02
    0.3476523477E+00    0.4041113077E+02
    0.3486513487E+00    0.4046147938E+02
    0.3496503497E+00    0.4051179694E+02
    0.3506493506E+00    0.4056208351E+02
    0.3516483516E+00    0.4061233914E+02
    0.3526473526E+00    0.4066256392E+02
    0.3536463536E+00    0.4071275790E+02
    0.3546453546E+00    0.4076292113E+02
    0.3556443556E+00    0.4081305368E+02
    0.3566433566E+00    0.4086315562E+02
    0.3576423576E+00    0.4091322698E+02
    0.3586413586E+00    0.4096326784E+02
    0.3596403596E+00    0.4101327825E+02
    0.3606393606E+00    0.4106325826E+02
    0.3616383616E+00    0.4111320792E+02
    0.3626373626E+00    0.4116312730E+02
    0.3636363636E+00    0.4121301643E+02
    0.3646353646E+00    0.4126287537E+02
    0.3656343656E+00    0.4131270417E+02
    0.3666333666E+00    0.4136250287E+02
    0.3676323676E+00    0.4141227153E+02
    0.3686313686E+00    0.4146201019E+02
    0.3696303696E+00    0.4151171890E+02
    0.3706293706E+00    0.4156139769E+02
    0.3716283716E+00    0.4161104661E+02
    0.3726273726E+00    0.4166066570E+02
    0.3736263736E+00    0.4171025501E+02
    0.3746253746E+00    0.4175981457E+02
    0.3756243756E+00    0.4180934441E+02
    0.3766233766E+00    0.4185884459E+02
    0.3776223776E+00    0.4190831513E+02
    0.3786213786E+00    0.4195775606E+02
    0.3796203796E+00    0.4200716743E+02
    0.3806193806E+00    0.4205654927E+02
    0.3816183816E+00    0.4210590159E+02
    0.3826173826E+00    0.4215522445E+02
    0.3836163836E+00    0.4220451786E+02
    0.3846153846E+00    0.4225378186E+02
    0.3856143856E+00    0.4230301647E+02
    0.3866133866E+00    0.4235222171E+02
    0.3876123876E+00    0.4240139762E+02
    0.3886113886E+00    0.4245054422E+02
    0.3896103896E+00    0.4249966152E+02
    0.3906093906E+00    0.4254874955E+02
    0.3916083916E+00    0.4259780834E+02
    0.3926073926E+00    0.4264683789E+02
    0.3936063936E+00    0.4269583824E+02
    0.3946053946E+00    0.4274480938E+02
    0.3956043956E+00    0.4279375135E+02
    0.3966033966E+00    0.4284266415E+02
    0.3976023976E+00    0.4289154781E+02
    0.3986013986E+00    0.4294040232E+02
    0.3996003996E+00    0.4298922771E+02
    0.4005994006E+00    0.4303802398E+02
    0.4015984016E+00    0.4308679114E+02
    0.4025974026E+00    0.4313552920E+02
    0.4035964036E+00    0.4318423816E+02
    0.4045954046E+00    0.4323291804E+02
    0.4055944056E+00    0.4328156883E+02
    0.4065934066E+00    0.4333019054E+02
    0.4075924076E+00    0.4337878317E+02
    0.4085914086E+00    0.4342734672E+02
    0.4095904096E+00    0.4347588120E+02
    0.4105894106E+00    0.4352438659E+02
    0.4115884116E+00    0.4357286290E+02
    0.4125874126E+00    0.4362131012E+02
    0.4135864136E+00    0.4366972824E+02
    0.4145854146E+00    0.4371811727E+02
    0.4155844156E+00    0.4376647719E+02
    0.4165834166E+00    0.4381480800E+02
    0.4175824176E+00    0.4386310968E+02
    0.4185814186E+00    0.4391138222E+02
    0.4195804196E+00    0.4395962562E+02
    0.4205794206E+00    0.4400783985E+02
    0.4215784216E+00    0.4405602490E+02
    0.4225774226E+00    0.4410418077E+02
    0.4235764236E+00    0.4415230742E+02
    0.4245754246E+00    0.4420040484E+02
    0.4255744256E+00    0.4424847302E+02
    0.4265734266E+00    0.4429651193E+02
    0.4275724276E+00    0.4434452154E+02
    0.4285714286E+00    0.4439250184E+02
    0.4295704296E+00    0.4444045281E+02
    0.4305694306E+00    0.4448837441E+02
    0.4315684316E+00    0.4453626662E+02
    0.4325674326E+00    0.4458412941E+02
    0.4335664336E+00    0.4463196275E+02
    0.4345654346E+00    0.4467976661E+02
    0.4355644356E+00    0.4472754096E+02
    0.4365634366E+00    0.4477528577E+02
    0.4375624376E+00    0.4482300100E+02
    0.4385614386E+00    0.4487068662E+02
    0.4395604396E+00    0.4491834259E+02
    0.4405594406E+00    0.4496596887E+02
    0.4415584416E+00    0.4501356542E+02
    0.4425574426E+00    0.4506113220E+02
    0.4435564436E+00    0.4510866918E+02
    0.4445554446E+00    0.4515617630E+02
    0.4455544456E+00    0.4520365353E+02
    0.4465534466E+00    0.4525110081E+02
    0.4475524476E+00    0.4529851810E+02
    0.4485514486E+00    0.4534590536E+02
    0.4495504496E+00    0.4539326253E+02
    0.4505494505E+00    0.4544058957E+02
    0.4515484515E+00    0.4548788641E+02
    0.4525474525E+00    0.4553515302E+02
    0.4535464535E+00    0.4558238933E+02
    0.4545454545E+00    0.4562959528E+02
    0.4555444555E+00    0.4567677083E+02
    0.4565434565E+00    0.4572391591E+02
    0.4575424575E+00    0.4577103047E+02
    0.4585414585E+00    0.4581811444E+02
    0.4595404595E+00    0.4586516776E+02
    0.4605394605E+00    0.4591219036E+02
    0.4615384615E+00    0.4595918220E+02
    0.4625374625E+00    0.4600614318E+02
    0.4635364635E+00    0.4605307326E+02
    0.4645354645E+00    0.4609997236E+02
    0.4655344655E+00    0.4614684041E+02
    0.4665334665E+00    0.4619367735E+02
    0.4675324675E+00    0.4624048309E+02
    0.4685314685E+00    0.4628725756E+02
    0.4695304695E+00    0.4633400070E+02
    0.4705294705E+00    0.4638071242E+02
    0.4715284715E+00    0.4642739264E+02
    0.4725274725E+00    0.4647404129E+02
    0.4735264735E+00    0.4652065829E+02
    0.4745254745E+00    0.4656724355E+02
    0.4755244755E+00    0.4661379700E+02
    0.4765234765E+00    0.4666031854E+02
    0.4775224775E+00    0.4670680810E+02
    0.4785214785E+00    0.4675326558E+02
    0.4795204795E+00    0.4679969090E+02
    0.4805194805E+00    0.4684608396E+02
    0.4815184815E+00    0.4689244469E+02
    0.4825174825E+00    0.4693877298E+02
    0.4835164835E+00    0.4698506874E+02
    0.4845154845E+00    0.4703133187E+02
    0.4855144855E+00    0.4707756229E+02
    0.4865134865E+00    0.4712375989E+02
    0.4875124875E+00    0.4716992457E+02
    0.4885114885E+00    0.4721605624E+02
    0.4895104895E+00    0.4726215479E+02
    0.4905094905E+00    0.4730822011E+02
    0.4915084915E+00    0.4735425212E+02
    0.4925074925E+00    0.4740025069E+02
    0.4935064935E+00    0.4744621573E+02
    0.4945054945E+00    0.4749214711E+02
    0.4955044955E+00    0.4753804475E+02
    0.4965034965E+00    0.4758390851E+02
    0.4975024975E+00    0.4762973830E+02
    0.4985014985E+00    0.4767553400E+02
    0.4995004995E+00    0.4772129548E+02
    0.5004995005E+00    0.4776702264E+02
    0.5014985015E+00    0.4781271536E+02
    0.5024975025E+00    0.4785837352E+02
    0.5034965035E+00    0.4790399699E+02
    0.5044955045E+00    0.4794958566E+02
    0.5054945055E+00    0.4799513940E+02
    0.5064935065E+00    0.4804065809E+02
    0.5074925075E+00    0.4808614160E+02
    0.5084915085E+00    0.4813158981E+02
    0.5094905095E+00    0.4817700257E+02
    0.5104895105E+00    0.4822237978E+02
    0.5114885115E+00    0.4826772128E+02
    0.5124875125E+00    0.4831302696E+02
    0.5134865135E+00    0.4835829666E+02
    0.5144855145E+00    0.4840353027E+02
    0.5154845155E+00    0.4844872764E+02
    0.5164835165E+00    0.4849388863E+02
    0.5174825175E+00    0.4853901311E+02
    0.5184815185E+00    0.4858410092E+02
    0.5194805195E+00    0.4862915194E+02
    0.5204795205E+00    0.4867416600E+02
    0.5214785215E+00    0.4871914298E+02
    0.5224775225E+00    0.4876408272E+02
    0.5234765235E+00    0.4880898506E+02
    0.5244755245E+00    0.4885384988E+02
    0.5254745255E+00    0.4889867700E+02
    0.5264735265E+00    0.4894346628E+02
    0.5274725275E+00    0.4898821756E+02
    0.5284715285E+00    0.4903293069E+02
    0.5294705295E+00    0.4907760552E+02
    0.5304695305E+00    0.4912224187E+02
    0.5314685315E+00    0.4916683960E+02
    0.5324675325E+00    0.4921139854E+02
    0.5334665335E+00    0.4925591853E+02
    0.5344655345E+00    0.4930039940E+02
    0.5354645355E+00    0.4934484099E+02
    0.5364635365E+00    0.4938924313E+02
    0.5374625375E+00    0.4943360565E+02
    0.5384615385E+00    0.4947792838E+02
    0.5394605395E+00    0.4952221116E+02
    0.5404595405E+00    0.4956645381E+02
    0.5414585415E+00    0.4961065614E+02
    0.5424575425E+00    0.4965481800E+02
    0.5434565435E+00    0.4969893920E+02
    0.5444555445E+00    0.4974301955E+02
    0.5454545455E+00    0.4978705890E+02
    0.5464535465E+00    0.4983105704E+02
    0.5474525475E+00    0.4987501379E+02
    0.5484515485E+00    0.4991892898E+02
    0.5494505495E+00    0.4996280242E+02
    0.5504495504E+00    0.5000663392E+02
    0.5514485514E+00    0.5005042328E+02
    0.5524475524E+00    0.5009417033E+02
    0.5534465534E+00    0.5013787486E+02
    0.5544455544E+00    0.5018153669E+02
    0.5554445554E+00    0.5022515562E+02
    0.5564435564E+00    0.5026873145E+02
    0.5574425574E+00    0.5031226399E+02
    0.5584415584E+00    0.5035575303E+02
    0.5594405594E+00    0.5039919838E+02
    0.5604395604E+00    0.5044259984E+02
    0.5614385614E+00    0.5048595719E+02
    0.5624375624E+00    0.5052927024E+02
    0.5634365634E+00    0.5057253878E+02
    0.5644355644E+00    0.5061576259E+02
    0.5654345654E+00    0.5065894148E+02
    0.5664335664E+00    0.5070207523E+02
    0.5674325674E+00    0.5074516363E+02
    0.5684315684E+00    0.5078820645E+02
    0.5694305694E+00    0.5083120350E+02
    0.5704295704E+00    0.5087415455E+02
    0.5714285714E+00    0.5091705937E+02
    0.5724275724E+00    0.5095991777E+02
    0.5734265734E+00    0.5100272950E+02
    0.5744255744E+00    0.5104549434E+02
    0.5754245754E+00    0.5108821209E+02
    0.5764235764E+00    0.5113088249E+02
    0.5774225774E+00    0.5117350534E+02
    0.5784215784E+00    0.5121608040E+02
    0.5794205794E+00    0.5125860744E+02
    0.5804195804E+00    0.5130108623E+02
    0.5814185814E+00    0.5134351653E+02
    0.5824175824E+00    0.5138589811E+02
    0.5834165834E+00    0.5142823073E+02
    0.5844155844E+00    0.5147051416E+02
    0.5854145854E+00    0.5151274815E+02
    0.5864135864E+00    0.5155493247E+02
    0.5874125874E+00    0.5159706686E+02
    0.5884115884E+00    0.5163915110E+02
    0.5894105894E+00    0.5168118493E+02
    0.5904095904E+00    0.5172316810E+02
    0.5914085914E+00    0.5176510037E+02
    0.5924075924E+00    0.5180698148E+02
    0.5934065934E+00    0.5184881119E+02
    0.5944055944E+00    0.5189058924E+02
    0.5954045954E+00    0.5193231537E+02
    0.5964035964E+00    0.5197398934E+02
    0.5974025974E+00    0.5201561087E+02
    0.5984015984E+00    0.5205717972E+02
    0.5994005994E+00    0.5209869562E+02
    0.6003996004E+00    0.5214015831E+02
    0.6013986014E+00    0.5218156752E+02
    0.6023976024E+00    0.5222292300E+02
    0.6033966034E+00    0.5226422446E+02
    0.6043956044E+00    0.5230547166E+02
    0.6053946054E+00    0.5234666430E+02
    0.6063936064E+00    0.5238780213E+02
    0.6073926074E+00    0.5242888487E+02
    0.6083916084E+00    0.5246991224E+02
    0.6093906094E+00    0.5251088397E+02
    0.6103896104E+00    0.5255179978E+02
    0.6113886114E+00    0.5259265940E+02
    0.6123876124E+00    0.5263346253E+02
    0.6133866134E+00    0.5267420890E+02
    0.6143856144E+00    0.5271489823E+02
    0.6153846154E+00    0.5275553023E+02
    0.6163836164E+00    0.5279610460E+02
    0.6173826174E+00    0.5283662108E+02
    0.6183816184E+00    0.5287707935E+02
    0.6193806194E+00    0.5291747914E+02
    0.6203796204E+00    0.5295782014E+02
    0.6213786214E+00    0.5299810207E+02
    0.6223776224E+00    0.5303832462E+02
    0.6233766234E+00    0.5307848751E+02
    0.6243756244E+00    0.5311859042E+02
    0.6253746254E+00    0.5315863306E+02
    0.6263736264E+00    0.5319861513E+02
    0.6273726274E+00    0.5323853633E+02
    0.6283716284E+00    0.5327839634E+02
    0.6293706294E+00    0.5331819485E+02
    0.6303696304E+00    0.5335793157E+02
    0.6313686314E+00    0.5339760619E+02
    0.6323676324E+00    0.5343721837E+02
    0.6333666334E+00    0.5347676783E+02
    0.6343656344E+00    0.5351625424E+02
    0.6353646354E+00    0.5355567727E+02
    0.6363636364E+00    0.5359503663E+02
    0.6373626374E+00    0.5363433198E+02
    0.6383616384E+00    0.5367356301E+02
    0.6393606394E+00    0.5371272939E+02
    0.6403596404E+00    0.5375183080E+02
    0.6413586414E+00    0.5379086691E+02
    0.6423576424E+00    0.5382983739E+02
    0.6433566434E+00    0.5386874192E+02
    0.6443556444E+00    0.5390758017E+02
    0.6453546454E+00    0.5394635180E+02
    0.6463536464E+00    0.5398505647E+02
    0.6473526474E+00    0.5402369387E+02
    0.6483516484E+00    0.5406226364E+02
    0.6493506494E+00    0.5410076545E+02
    0.6503496503E+00    0.5413919895E+02
    0.6513486513E+00    0.5417756382E+02
    0.6523476523E+00    0.5421585970E+02
    0.6533466533E+00    0.5425408625E+02
    0.6543456543E+00    0.5429224313E+02
    0.6553446553E+00    0.5433032998E+02
    0.6563436563E+00    0.5436834645E+02
    0.6573426573E+00    0.5440629221E+02
    0.6583416583E+00    0.5444416689E+02
    0.6593406593E+00    0.5448197013E+02
    0.6603396603E+00    0.5451970159E+02
    0.6613386613E+00    0.5455736091E+02
    0.6623376623E+00    0.5459494773E+02
    0.6633366633E+00    0.5463246168E+02
    0.6643356643E+00    0.5466990241E+02
    0.6653346653E+00    0.5470726955E+02
    0.6663336663E+00    0.5474456274E+02
    0.6673326673E+00    0.5478178161E+02
    0.6683316683E+00    0.5481892580E+02
    0.6693306693E+00    0.5485599493E+02
    0.6703296703E+00    0.5489298863E+02
    0.6713286713E+00    0.5492990653E+02
    0.6723276723E+00    0.5496674825E+02
    0.6733266733E+00    0.5500351343E+02
    0.6743256743E+00    0.5504020167E+02
    0.6753246753E+00    0.5507681261E+02
    0.6763236763E+00    0.5511334586E+02
    0.6773226773E+00    0.5514980105E+02
    0.6783216783E+00    0.5518617777E+02
    0.6793206793E+00    0.5522247566E+02
    0.6803196803E+00    0.5525869433E+02
    0.6813186813E+00    0.5529483338E+02
    0.6823176823E+00    0.5533089242E+02
    0.6833166833E+00    0.5536687107E+02
    0.6843156843E+00    0.5540276894E+02
    0.6853146853E+00    0.5543858561E+02
    0.6863136863E+00    0.5547432071E+02
    0.6873126873E+00    0.5550997383E+02
    0.6883116883E+00    0.5554554458E+02
    0.6893106893E+00    0.5558103255E+02
    0.6903096903E+00    0.5561643734E+02
    0.6913086913E+00    0.5565175854E+02
    0.6923076923E+00    0.5568699576E+02
    0.6933066933E+00    0.5572214858E+02
    0.6943056943E+00    0.5575721659E+02
    0.6953046953E+00    0.5579219939E+02
    0.6963036963E+00    0.5582709656E+02
    0.6973026973E+00    0.5586190770E+02
    0.6983016983E+00    0.5589663237E+02
    0.6993006993E+00    0.5593127018E+02
    0.7002997003E+00    0.5596582070E+02
    0.7012987013E+00    0.5600028350E+02
    0.7022977023E+00    0.5603465818E+02
    0.7032967033E+00    0.5606894431E+02
    0.7042957043E+00    0.5610314146E+02
    0.7052947053E+00    0.5613724920E+02
    0.7062937063E+00    0.5617126712E+02
    0.7072927073E+00    0.5620519478E+02
    0.7082917083E+00    0.5623903175E+02
    0.7092907093E+00    0.5627277760E+02
    0.7102897103E+00    0.5630643190E+02
    0.7112887113E+00    0.5633999421E+02
    0.7122877123E+00    0.5637346409E+02
    0.7132867133E+00    0.5640684111E+02
    0.7142857143E+00    0.5644012483E+02
    0.7152847153E+00    0.5647331480E+02
    0.7162837163E+00    0.5650641059E+02
    0.7172827173E+00    0.5653941175E+02
    0.7182817183E+00    0.5657231783E+02
    0.7192807193E+00    0.5660512839E+02
    0.7202797203E+00    0.5663784297E+02
    0.7212787213E+00    0.5667046114E+02
    0.7222777223E+00    0.5670298243E+02
    0.7232767233E+00    0.5673540639E+02
    0.7242757243E+00    0.5676773257E+02
    0.7252747253E+00    0.5679996051E+02
    0.7262737263E+00    0.5683208976E+02
    0.7272727273E+00    0.5686411985E+02
    0.7282717283E+00    0.5689605032E+02
    0.7292707293E+00    0.5692788072E+02
    0.7302697303E+00    0.5695961057E+02
    0.7312687313E+00    0.5699123941E+02
    0.7322677323E+00    0.5702276678E+02
    0.7332667333E+00    0.5705419221E+02
    0.7342657343E+00    0.5708551522E+02
    0.7352647353E+00    0.5711673534E+02
    0.7362637363E+00    0.5714785211E+02
    0.7372627373E+00    0.5717886505E+02
    0.7382617383E+00    0.5720977367E+02
    0.7392607393E+00    0.5724057752E+02
    0.7402597403E+00    0.5727127609E+02
    0.7412587413E+00    0.5730186892E+02
    0.7422577423E+00    0.5733235553E+02
    0.7432567433E+00    0.5736273542E+02
    0.7442557443E+00    0.5739300812E+02
    0.7452547453E+00    0.5742317313E+02
    0.7462537463E+00    0.5745322998E+02
    0.7472527473E+00    0.5748317816E+02
    0.7482517483E+00    0.5751301720E+02
    0.7492507493E+00    0.5754274659E+02
    0.7502497502E+00    0.5757236584E+02
    0.7512487512E+00    0.5760187447E+02
    0.7522477522E+00    0.5763127196E+02
    0.7532467532E+00    0.5766055783E+02
    0.7542457542E+00    0.5768973157E+02
    0.7552447552E+00    0.5771879269E+02
    0.7562437562E+00    0.5774774067E+02
    0.7572427572E+00    0.5777657502E+02
    0.7582417582E+00    0.5780529523E+02
    0.7592407592E+00    0.5783390079E+02
    0.7602397602E+00    0.5786239119E+02
    0.7612387612E+00    0.5789076593E+02
    0.7622377622E+00    0.5791902450E+02
    0.7632367632E+00    0.5794716637E+02
    0.7642357642E+00    0.5797519104E+02
    0.7652347652E+00    0.5800309799E+02
    0.7662337662E+00    0.5803088670E+02
    0.7672327672E+00    0.5805855666E+02
    0.7682317682E+00    0.5808610734E+02
    0.7692307692E+00    0.5811353822E+02
    0.7702297702E+00    0.5814084878E+02
    0.7712287712E+00    0.5816803850E+02
    0.7722277722E+00    0.5819510685E+02
    0.7732267732E+00    0.5822205330E+02
    0.7742257742E+00    0.5824887732E+02
    0.7752247752E+00    0.5827557839E+02
    0.7762237762E+00    0.5830215597E+02
    0.7772227772E+00    0.5832860953E+02
    0.7782217782E+00    0.5835493853E+02
    0.7792207792E+00    0.5838114244E+02
    0.7802197802E+00    0.5840722073E+02
    0.7812187812E+00    0.5843317285E+02
    0.7822177822E+00    0.5845899826E+02
    0.7832167832E+00    0.5848469643E+02
    0.7842157842E+00    0.5851026681E+02
    0.7852147852E+00    0.5853570885E+02
    0.7862137862E+00    0.5856102201E+02
    0.7872127872E+00    0.5858620574E+02
    0.7882117882E+00    0.5861125951E+02
    0.7892107892E+00    0.5863618274E+02
    0.7902097902E+00    0.5866097490E+02
    0.7912087912E+00    0.5868563544E+02
    0.7922077922E+00    0.5871016379E+02
    0.7932067932E+00    0.5873455940E+02
    0.7942057942E+00    0.5875882172E+02
    0.7952047952E+00    0.5878295020E+02
    0.7962037962E+00    0.5880694426E+02
    0.7972027972E+00    0.5883080335E+02
    0.7982017982E+00    0.5885452690E+02
    0.7992007992E+00    0.5887811437E+02
    0.8001998002E+00    0.5890156517E+02
    0.8011988012E+00    0.5892487874E+02
    0.8021978022E+00    0.5894805453E+02
    0.8031968032E+00    0.5897109195E+02
    0.8041958042E+00    0.5899399043E+02
    0.8051948052E+00    0.5901674942E+02
    0.8061938062E+00    0.5903936833E+02
    0.8071928072E+00    0.5906184659E+02
    0.8081918082E+00    0.5908418362E+02
    0.8091908092E+00    0.5910637885E+02
    0.8101898102E+00    0.5912843171E+02
    0.8111888112E+00    0.5915034160E+02
    0.8121878122E+00    0.5917210796E+02
    0.8131868132E+00    0.5919373019E+02
    0.8141858142E+00    0.5921520773E+02
    0.8151848152E+00    0.5923653997E+02
    0.8161838162E+00    0.5925772634E+02
    0.8171828172E+00    0.5927876625E+02
    0.8181818182E+00    0.5929965911E+02
    0.8191808192E+00    0.5932040434E+02
    0.8201798202E+00    0.5934100133E+02
    0.8211788212E+00    0.5936144951E+02
    0.8221778222E+00    0.5938174827E+02
    0.8231768232E+00    0.5940189702E+02
    0.8241758242E+00    0.5942189517E+02
    0.8251748252E+00    0.5944174211E+02
    0.8261738262E+00    0.5946143726E+02
    0.8271728272E+00    0.5948098000E+02
    0.8281718282E+00    0.5950036975E+02
    0.8291708292E+00    0.5951960590E+02
    0.8301698302E+00    0.5953868784E+02
    0.8311688312E+00    0.5955761497E+02
    0.8321678322E+00    0.5957638669E+02
    0.8331668332E+00    0.5959500238E+02
    0.8341658342E+00    0.5961346144E+02
    0.8351648352E+00    0.5963176327E+02
    0.8361638362E+00    0.5964990724E+02
    0.8371628372E+00    0.5966789275E+02
    0.8381618382E+00    0.5968571919E+02
    0.8391608392E+00    0.5970338594E+02
    0.8401598402E+00    0.5972089238E+02
    0.8411588412E+00    0.5973823790E+02
    0.8421578422E+00    0.5975542189E+02
    0.8431568432E+00    0.5977244372E+02
    0.8441558442E+00    0.5978930277E+02
    0.8451548452E+00    0.5980599842E+02
    0.8461538462E+00    0.5982253005E+02
    0.8471528472E+00    0.5983889703E+02
    0.8481518482E+00    0.5985509875E+02
    0.8491508492E+00    0.5987113457E+02
    0.8501498501E+00    0.5988700387E+02
    0.8511488511E+00    0.5990270602E+02
    0.8521478521E+00    0.5991824039E+02
    0.8531468531E+00    0.5993360635E+02
    0.8541458541E+00    0.5994880326E+02
    0.8551448551E+00    0.5996383051E+02
    0.8561438561E+00    0.5997868744E+02
    0.8571428571E+00    0.5999337344E+02
    0.8581418581E+00    0.6000788785E+02
    0.8591408591E+00    0.6002223005E+02
    0.8601398601E+00    0.6003639939E+02
    0.8611388611E+00    0.6005039524E+02
    0.8621378621E+00    0.6006421696E+02
    0.8631368631E+00    0.6007786390E+02
    0.8641358641E+00    0.6009133543E+02
    0.8651348651E+00    0.6010463089E+02
    0.8661338661E+00    0.6011774964E+02
    0.8671328671E+00    0.6013069105E+02
    0.8681318681E+00    0.6014345445E+02
    0.8691308691E+00    0.6015603921E+02
    0.8701298701E+00    0.6016844467E+02
    0.8711288711E+00    0.6018067019E+02
    0.8721278721E+00    0.6019271511E+02
    0.8731268731E+00    0.6020457878E+02
    0.8741258741E+00    0.6021626055E+02
    0.8751248751E+00    0.6022775976E+02
    0.8761238761E+00    0.6023907576E+02
    0.8771228771E+00    0.6025020789E+02
    0.8781218781E+00    0.6026115550E+02
    0.8791208791E+00    0.6027191793E+02
    0.8801198801E+00    0.6028249451E+02
    0.8811188811E+00    0.6029288460E+02
    0.8821178821E+00    0.6030308751E+02
    0.8831168831E+00    0.6031310261E+02
    0.8841158841E+00    0.6032292921E+02
    0.8851148851E+00    0.6033256666E+02
    0.8861138861E+00    0.6034201430E+02
    0.8871128871E+00    0.6035127144E+02
    0.8881118881E+00    0.6036033744E+02
    0.8891108891E+00    0.6036921162E+02
    0.8901098901E+00    0.6037789331E+02
    0.8911088911E+00    0.6038638185E+02
    0.8921078921E+00    0.6039467655E+02
    0.8931068931E+00    0.6040277676E+02
    0.8941058941E+00    0.6041068179E+02
    0.8951048951E+00    0.6041839097E+02
    0.8961038961E+00    0.6042590364E+02
    0.8971028971E+00    0.6043321910E+02
    0.8981018981E+00    0.6044033670E+02
    0.8991008991E+00    0.6044725574E+02
    0.9000999001E+00    0.6045397556E+02
    0.9010989011E+00    0.6046049547E+02
    0.9020979021E+00    0.6046681479E+02
    0.9030969031E+00    0.6047293285E+02
    0.9040959041E+00    0.6047884895E+02
    0.9050949051E+00    0.6048456243E+02
    0.9060939061E+00    0.6049007258E+02
    0.9070929071E+00    0.6049537874E+02
    0.9080919081E+00    0.6050048022E+02
    0.9090909091E+00    0.6050537632E+02
    0.9100899101E+00    0.6051006637E+02
    0.9110889111E+00    0.6051454967E+02
    0.9120879121E+00    0.6051882553E+02
    0.9130869131E+00    0.6052289328E+02
    0.9140859141E+00    0.6052675221E+02
    0.9150849151E+00    0.6053040164E+02
    0.9160839161E+00    0.6053384088E+02
    0.9170829171E+00    0.6053706923E+02
    0.9180819181E+00    0.6054008599E+02
    0.9190809191E+00    0.6054289049E+02
    0.9200799201E+00    0.6054548201E+02
    0.9210789211E+00    0.6054785986E+02
    0.9220779221E+00    0.6055002336E+02
    0.9230769231E+00    0.6055197180E+02
    0.9240759241E+00    0.6055370448E+02
    0.9250749251E+00    0.6055522070E+02
    0.9260739261E+00    0.6055651978E+02
    0.9270729271E+00    0.6055760099E+02
    0.9280719281E+00    0.6055846365E+02
    0.9290709291E+00    0.6055910706E+02
    0.9300699301E+00    0.6055953050E+02
    0.9310689311E+00    0.6055973328E+02
    0.9320679321E+00    0.6055971470E+02
    0.9330669331E+00    0.6055947405E+02
    0.9340659341E+00    0.6055901062E+02
    0.9350649351E+00    0.6055832370E+02
    0.9360639361E+00    0.6055741260E+02
    0.9370629371E+00    0.6055627661E+02
    0.9380619381E+00    0.6055491501E+02
    0.9390609391E+00    0.6055332710E+02
    0.9400599401E+00    0.6055151217E+02
    0.9410589411E+00    0.6054946951E+02
    0.9420579421E+00    0.6054719841E+02
    0.9430569431E+00    0.6054469816E+02
    0.9440559441E+00    0.6054196804E+02
    0.9450549451E+00    0.6053900734E+02
    0.9460539461E+00    0.6053581536E+02
    0.9470529471E+00    0.6053239137E+02
    0.9480519481E+00    0.6052873467E+02
    0.9490509491E+00    0.6052484453E+02
    0.9500499500E+00    0.6052072025E+02
    0.9510489510E+00    0.6051636110E+02
    0.9520479520E+00    0.6051176638E+02
    0.9530469530E+00    0.6050693535E+02
    0.9540459540E+00    0.6050186731E+02
    0.9550449550E+00    0.6049656153E+02
    0.9560439560E+00    0.6049101731E+02
    0.9570429570E+00    0.6048523391E+02
    0.9580419580E+00    0.6047921062E+02
    0.9590409590E+00    0.6047294671E+02
    0.9600399600E+00    0.6046644147E+02
    0.9610389610E+00    0.6045969418E+02
    0.9620379620E+00    0.6045270411E+02
    0.9630369630E+00    0.6044547053E+02
    0.9640359640E+00    0.6043799274E+02
    0.9650349650E+00    0.6043026999E+02
    0.9660339660E+00    0.6042230158E+02
    0.9670329670E+00    0.6041408677E+02
    0.9680319680E+00    0.6040562483E+02
    0.9690309690E+00    0.6039691505E+02
    0.9700299700E+00    0.6038795670E+02
    0.9710289710E+00    0.6037874904E+02
    0.9720279720E+00    0.6036929136E+02
    0.9730269730E+00    0.6035958293E+02
    0.9740259740E+00    0.6034962301E+02
    0.9750249750E+00    0.6033941088E+02
    0.9760239760E+00    0.6032894581E+02
    0.9770229770E+00    0.6031822707E+02
    0.9780219780E+00    0.6030725393E+02
    0.9790209790E+00    0.6029602566E+02
    0.9800199800E+00    0.6028454154E+02
    0.9810189810E+00    0.6027280082E+02
    0.9820179820E+00    0.6026080278E+02
    0.9830169830E+00    0.6024854668E+02
    0.9840159840E+00    0.6023603180E+02
    0.9850149850E+00    0.6022325741E+02
    0.9860139860E+00    0.6021022276E+02
    0.9870129870E+00    0.6019692712E+02
    0.9880119880E+00    0.6018336977E+02
    0.9890109890E+00    0.6016954996E+02
    0.9900099900E+00    0.6015546697E+02
    0.9910089910E+00    0.6014112006E+02
    0.9920079920E+00    0.6012650849E+02
    0.9930069930E+00    0.6011163153E+02
    0.9940059940E+00    0.6009648844E+02
    0.9950049950E+00    0.6008107849E+02
    0.9960039960E+00    0.6006540094E+02
    0.9970029970E+00    0.6004945505E+02
    0.9980019980E+00    0.6003324009E+02
    0.9990009990E+00    0.6001675532E+02
    0.1000000000E+01    0.6000000000E+02
